llano_p2.asci
ncols 22
nrows 12
xllcenter -181.0
yllcenter -25.5
cellsize 5
nodata_value -9999
NaN  0.18  0.07     0  0.01 -0.01  0.04  0.01  0.02 -0.05    -0     0 -0.01 -0.05 -0.03   NaN   NaN   0.1  0.12  0.12  0.03  0.02
0.16  0.01  0.07  0.02  0.04  0.08  0.07  0.07  0.08  0.12 -0.01 -0.02 -0.02    -0     0  0.11  0.09  0.13  0.16  0.16  0.11  0.13
0.05  0.01  0.14  0.08  0.09  0.13   0.1  0.07  0.13  0.08  0.03    -0    -0  0.02  0.02  0.01  0.09  0.12  0.12   0.2  0.12  0.17
0.06  0.06  0.04  0.05  0.09  0.11  0.12  0.15  0.11  0.04     0  0.01  0.03  0.03     0  0.02  0.03  0.05  0.05  0.04  0.06   0.1
0.06  0.07  0.09  0.09  0.09  0.15  0.12  0.12  0.06  0.06  0.07  0.11  0.12  0.09  0.02  0.04  0.02  0.03  0.01  0.09  0.02  0.09
0.09  0.06  0.07  0.06  0.07  0.11  0.16  0.12  0.07  0.08  0.07  0.07  0.11  0.06  0.03    -0     0  0.01  0.08  0.04  0.01  0.15
0.08  0.05  0.06  0.05  0.06  0.06  0.11  0.08   0.1  0.11   0.1  0.14  0.16  0.01  0.03    -0    -0  0.02  0.01  0.02  0.01   NaN
0.07  0.06  0.05  0.03  0.04  0.18   0.1   0.1  0.07  0.04  0.04  0.04  0.03  0.03  0.06  0.05  0.02  0.02  0.07  0.02 -0.01   NaN
0.03  0.06  0.06  0.07  0.02  0.07  0.07  0.11  0.15  0.06  0.11  0.04     0     0  0.05  0.03 -0.01  0.03  0.07  0.02 -0.01  0.04
0.11  0.08  0.05  0.02  0.06     0  0.09  0.15 -0.05 -0.05 -0.02 -0.01 -0.07 -0.09 -0.07 -0.07 -0.05 -0.03  0.05  0.03  0.04  0.05
0.06  0.03  0.06 -0.01  0.08  0.08  0.06  0.03 -0.01 -0.05 -0.02  0.12  0.11 -0.01 -0.02 -0.05 -0.08 -0.02    -0 -0.02  0.04  0.05
0.07  0.04  0.11  0.09  0.09  0.02  0.08  0.11  0.13  0.29  0.19  0.09     0     0  0.06 -0.01    -0  0.08     0 -0.03  0.01    -0
