amj_folder/amj_cundi_test_lon_de.asci
ncols 38
nrows 10
xllcenter -210.0
yllcenter -27.5
cellsize 5
nodata_value -9999
 160  165  170  175  180  185  190  195  200  205  210  215  220  225  230  235  240  245  250  255  260  265  270  275  280  285  290  295  300  305  310  315  320  325  330  335  340  345
 160  165  170  175  180  185  190  195  200  205  210  215  220  225  230  235  240  245  250  255  260  265  270  275  280  285  290  295  300  305  310  315  320  325  330  335  340  345
 160  165  170  175  180  185  190  195  200  205  210  215  220  225  230  235  240  245  250  255  260  265  270  275  280  285  290  295  300  305  310  315  320  325  330  335  340  345
 160  165  170  175  180  185  190  195  200  205  210  215  220  225  230  235  240  245  250  255  260  265  270  275  280  285  290  295  300  305  310  315  320  325  330  335  340  345
 160  165  170  175  180  185  190  195  200  205  210  215  220  225  230  235  240  245  250  255  260  265  270  275  280  285  290  295  300  305  310  315  320  325  330  335  340  345
 160  165  170  175  180  185  190  195  200  205  210  215  220  225  230  235  240  245  250  255  260  265  270  275  280  285  290  295  300  305  310  315  320  325  330  335  340  345
 160  165  170  175  180  185  190  195  200  205  210  215  220  225  230  235  240  245  250  255  260  265  270  275  280  285  290  295  300  305  310  315  320  325  330  335  340  345
 160  165  170  175  180  185  190  195  200  205  210  215  220  225  230  235  240  245  250  255  260  265  270  275  280  285  290  295  300  305  310  315  320  325  330  335  340  345
 160  165  170  175  180  185  190  195  200  205  210  215  220  225  230  235  240  245  250  255  260  265  270  275  280  285  290  295  300  305  310  315  320  325  330  335  340  345
 160  165  170  175  180  185  190  195  200  205  210  215  220  225  230  235  240  245  250  255  260  265  270  275  280  285  290  295  300  305  310  315  320  325  330  335  340  345
